BASE
-------------------
Point 1
X    : 27.20365524
Value: 1.000012784
Error: 0

Point 2
X    : 61.15974426
Value: 1.000077865
Error: 0

V0 = 25
-------------------
Point 1
X    : 14.86717224
Value: 1.000004499
Error: 0

Point 2
X    : 73.49632263
Value: 0.999587106
Error: 0

Y0 = 10
-------------------
Point 1
X    : 10.59547424
Value: 1.000004143
Error: 0

Point 2
X    : 64.98374939
Value: 1.000031675
Error: 0

